-1 -1 -1 -1 -1 -1 -1 -1 -1 -1 -1 -1 -1 -1 -1 -1 -1 -1 -1 -1 
-1 -1 -1 -1 -1 0 -1 -1 -1 -1 -1 -1 -1 -1 -1 -1 -1 -1 -1 -1 
-1 -1 -1 -1 -1 1 -1 -1 -1 -1 -1 -1 -1 -1 -1 -1 -1 -1 -1 -1 
-1 -1 -1 -1 -1 2 -1 -1 -1 -1 -1 -1 -1 -1 -1 -1 -1 -1 -1 -1 
-1 -1 -1 -1 -1 3 -1 -1 -1 -1 9 -1 -1 -1 -1 -1 -1 16 -1 -1 
7 -1 -1 -1 -1 4 -1 -1 -1 -1 -1 10 -1 -1 -1 -1 15 -1 -1 8 
-1 -1 -1 -1 -1 5 -1 -1 -1 -1 -1 -1 11 -1 -1 14 -1 -1 -1 -1 
-1 -1 -1 -1 -1 6 -1 -1 -1 -1 -1 -1 -1 12 13 -1 -1 -1 -1 -1 
-1 -1 -1 -1 -1 -1 -1 -1 -1 -1 -1 -1 -1 -1 -1 -1 -1 -1 -1 -1 
-1 -1 -1 -1 -1 -1 -1 -1 -1 -1 -1 -1 -1 -1 -1 -1 -1 -1 -1 -1 
0
1
0 7 13 8 14
0 4 10 5 9
0 5 19 4 18
0 5 11 4 10
0 7 14 6 14
0 5 0 6 1
0 4 17 4 16
0 7 5 7 6
0 6 5 7 5
0 4 5 4 6
0 3 5 3 6
0 2 5 3 5
0 5 16 4 15
0 6 15 5 15
0 5 5 4 5
0 6 12 7 12
0 1 5 0 4
2
0 8 14 8 13
0 6 14 5 13
0 3 6 4 7
0 4 15 4 14
0 3 5 2 4
0 4 6 5 6
0 7 5 6 6
0 4 16 4 15
0 7 6 8 5
0 6 1 6 2
0 4 10 5 10
0 4 18 5 18
0 5 9 5 8
0 0 4 0 5
0 7 12 6 12
0 4 5 4 6
0 5 15 6 15
3
1 5 8 4 7
1 4 7 5 8
4
0 5 10 5 9
0 8 5 9 4
0 2 4 1 4
0 6 6 5 7
0 8 13 7 12
0 4 15 3 16
0 4 14 4 15
0 5 6 5 5
0 5 13 4 13
0 6 2 6 3
0 5 18 4 17
0 0 5 1 6
0 6 12 5 11
0 5 8 4 8
0 6 15 5 14
0 4 6 4 5
0 4 7 5 8
5
1 5 7 4 8
1 5 9 5 8
1 4 8 5 7
1 5 8 5 9
0 4 15 5 15
0 5 5 6 5
0 7 12 7 11
0 6 3 5 4
0 5 9 4 9
0 1 4 2 4
0 3 16 2 17
0 9 4 9 5
0 5 7 6 6
0 4 17 3 17
0 4 13 5 13
0 5 8 5 9
0 4 5 3 4
0 5 14 4 13
0 5 11 6 11
0 4 8 4 7
0 1 6 2 6
6
1 4 9 5 9
1 5 9 4 9
7
0 5 15 6 15
0 6 5 7 5
0 7 11 7 10
0 4 9 5 8
0 3 17 3 16
0 5 13 5 12
0 2 4 1 4
0 2 17 1 17
0 9 5 9 6
0 6 6 5 7
0 5 4 4 4
0 3 4 3 5
0 2 6 2 5
0 5 9 4 10
0 4 13 5 14
0 4 7 3 6
0 6 11 5 11
8
1 5 8 5 7
1 5 7 5 8
1 3 5 3 6
1 2 5 3 6
1 5 11 4 10
1 3 6 3 5
1 4 10 5 11
0 7 10 8 11
0 7 5 6 5
0 6 15 5 15
0 1 17 2 16
0 9 6 8 6
0 1 4 2 4
0 3 16 3 17
0 5 12 4 12
0 4 4 5 4
0 5 8 4 8
0 5 7 5 8
0 3 5 4 5
0 2 5 3 5
0 5 11 5 10
0 5 14 6 15
0 3 6 4 6
0 4 10 4 11
9
1 4 12 4 11
1 4 8 5 8
1 5 8 4 8
1 3 5 4 6
1 4 5 4 6
1 5 10 4 11
1 4 6 4 5
1 4 11 5 10
10
0 5 15 6 16
0 6 5 5 5
0 8 11 7 10
0 2 4 2 5
0 8 6 8 5
0 2 16 2 15
0 4 12 5 11
0 3 17 4 17
0 5 4 6 4
0 4 8 3 9
0 5 8 5 7
0 3 5 3 6
0 4 5 5 6
0 5 10 4 10
0 6 15 6 14
0 4 6 4 5
0 4 11 3 11
11
1 5 5 4 5
1 3 6 4 5
1 5 6 4 5
1 4 10 3 11
1 4 5 5 5
1 3 11 4 10
0 6 16 6 17
0 8 5 7 5
0 7 10 6 9
0 5 5 4 6
0 4 17 4 16
0 5 11 5 10
0 2 15 1 16
0 2 5 3 5
0 3 9 4 9
0 6 4 5 4
0 5 7 5 8
0 3 6 3 7
0 5 6 4 7
0 4 10 3 9
0 4 5 4 4
0 6 14 5 14
0 3 11 4 11
12
1 6 9 5 8
1 3 5 4 4
1 5 10 4 11
1 5 4 4 4
1 4 9 5 8
1 5 8 6 9
1 4 4 5 4
1 4 11 5 10
13
0 7 5 8 5
0 4 6 5 7
0 6 17 6 16
0 6 9 6 8
0 3 5 4 6
0 5 10 5 9
0 4 16 4 15
0 1 16 1 17
0 5 4 4 5
0 3 7 3 8
0 4 9 4 8
0 5 8 4 9
0 4 7 5 8
0 3 9 3 10
0 5 14 4 14
0 4 4 3 4
0 4 11 3 11
14
1 6 8 5 7
1 5 7 6 8
1 5 9 5 8
1 4 5 3 4
1 3 8 4 8
1 4 8 5 7
1 4 9 5 9
1 5 8 6 8
1 3 10 4 9
1 3 4 4 5
1 3 11 3 10
0 8 5 9 5
0 6 8 6 7
0 6 16 6 15
0 5 7 4 7
0 5 9 6 10
0 4 6 5 6
0 1 17 2 16
0 4 5 3 6
0 4 15 3 15
0 3 8 2 8
0 4 8 3 8
0 4 9 3 9
0 5 8 5 9
0 3 10 2 11
0 3 4 4 4
0 4 14 3 13
0 3 11 3 10
15
1 6 7 5 6
1 5 6 6 7
1 6 10 5 9
1 4 7 3 8
1 3 9 3 8
1 3 8 4 7
1 2 8 3 8
1 2 11 3 10
1 5 9 6 10
1 3 10 2 11
16
0 9 5 8 6
0 3 15 3 14
0 2 16 3 15
0 6 7 5 7
0 3 6 4 6
0 6 10 5 10
0 5 6 5 5
0 4 7 3 7
0 6 15 6 14
0 3 9 4 9
0 3 8 4 8
0 2 8 1 7
0 5 9 6 8
0 2 11 2 10
0 4 4 4 5
0 3 13 3 12
0 3 10 3 9
17
1 5 7 6 8
1 5 5 4 5
1 5 10 4 9
1 4 6 5 7
1 4 8 4 9
1 4 9 5 10
1 3 7 4 8
1 4 5 5 5
1 2 10 3 9
1 6 8 5 7
1 3 9 4 8
0 8 6 7 7
0 5 7 5 6
0 5 5 5 4
0 5 10 5 9
0 3 14 4 13
0 4 6 4 7
0 3 15 2 15
0 4 9 3 10
0 4 5 4 6
0 3 12 2 12
0 3 7 3 8
0 6 14 5 14
0 2 10 2 11
0 1 7 2 8
0 6 8 6 9
0 3 9 2 9
18
1 5 6 4 7
1 5 9 6 9
1 4 7 5 6
1 3 10 2 11
1 4 6 4 7
1 2 11 3 10
1 6 9 5 9
19
0 7 7 6 7
0 5 6 5 7
0 5 4 5 5
0 5 9 5 10
0 4 13 3 13
0 2 15 2 14
0 4 7 5 6
0 3 10 2 10
0 2 12 3 11
0 5 14 6 14
0 4 6 4 7
0 3 8 3 9
0 2 11 3 10
0 6 9 5 9
0 2 8 2 7
0 2 9 2 8
20
1 6 7 5 7
1 5 7 6 7
1 5 10 5 9
1 5 6 5 7
1 2 10 3 10
1 3 11 2 10
1 4 7 5 6
1 3 9 3 10
1 3 10 3 9
1 5 9 5 10
0 6 7 6 8
0 5 5 5 4
0 5 10 4 10
0 3 13 2 13
0 2 14 3 13
0 6 14 5 14
0 2 10 2 9
0 3 11 2 11
0 4 7 4 6
0 3 9 4 9
0 3 10 3 9
0 2 7 3 7
0 5 9 5 10
0 2 8 3 8
21
1 4 10 5 10
1 2 9 3 9
1 4 6 3 7
1 4 9 4 10
1 3 9 4 9
1 3 7 4 6
1 3 8 3 9
0 6 8 6 9
22
1 5 10 4 10
0 5 4 4 5
0 3 13 4 12
0 2 13 3 12
0 4 10 3 10
0 2 9 2 10
0 5 14 5 13
0 2 11 1 12
0 4 6 3 6
0 4 9 4 10
0 3 7 2 7
0 3 8 4 9
0 5 10 6 10
23
1 4 5 3 6
1 3 10 4 9
1 2 10 3 10
1 3 6 4 5
1 4 10 3 10
1 2 7 3 6
0 6 9 5 9
0 4 5 3 5
0 3 12 2 12
0 4 12 4 11
0 5 13 5 14
0 1 12 2 11
0 2 10 1 10
0 3 6 3 7
0 4 10 3 11
0 2 7 1 7
24
0 4 9 4 10
0 6 10 5 10
1 4 11 5 10
1 2 12 3 11
1 1 10 2 11
1 2 11 3 11
1 3 11 4 11
25
0 5 9 6 9
1 5 10 4 11
0 3 5 2 5
1 4 10 4 11
0 4 11 5 12
0 2 12 1 13
0 1 10 1 9
0 2 11 2 10
0 5 14 4 14
0 3 7 4 7
0 3 11 4 12
0 1 7 2 7
0 5 10 6 10
0 4 10 5 10
26
1 5 12 4 12
1 1 9 2 10
1 2 10 1 9
1 4 12 5 12
0 6 9 5 9
0 2 5 3 5
0 5 12 5 13
0 1 13 2 13
0 4 14 3 14
0 1 9 2 9
0 4 7 5 8
0 2 10 2 11
0 4 12 4 13
0 2 7 3 7
27
0 6 10 5 11
0 5 10 6 10
1 5 9 5 8
1 5 13 4 13
1 3 14 4 13
1 5 8 5 9
1 4 13 5 13
28
0 5 9 5 10
0 3 5 2 6
0 2 13 3 13
0 5 13 6 14
0 3 14 4 14
0 2 9 1 8
0 2 11 2 12
0 5 8 5 9
0 4 13 3 14
0 3 7 3 8
0 5 11 5 12
0 6 10 6 11
29
1 5 10 5 9
1 3 13 3 14
0 5 10 6 10
0 2 6 3 6
0 6 14 5 13
0 3 13 4 13
0 4 14 3 13
0 1 8 2 8
0 2 12 3 11
0 3 8 2 7
30
0 5 12 4 12
0 6 11 5 12
1 5 13 5 12
1 4 13 5 12
1 3 13 4 12
1 3 11 4 12
31
0 6 10 5 11
0 3 6 3 7
1 4 12 5 13
0 5 13 6 13
0 4 13 5 14
0 3 13 3 12
0 3 11 2 11
0 2 8 2 9
0 2 7 2 8
0 4 12 4 13
32
1 5 14 4 13
0 5 11 4 12
0 3 7 2 7
0 6 13 6 14
0 5 14 6 15
0 3 12 2 12
0 2 11 3 11
0 2 9 2 10
0 2 8 3 8
33
1 4 12 3 11
1 2 10 3 11
34
1 3 11 4 12
0 4 12 5 13
0 2 7 1 6
0 6 14 6 13
0 6 15 5 15
0 2 12 2 11
0 2 10 1 9
0 3 8 4 9
0 3 11 2 10
35
1 5 13 6 13
1 6 13 5 13
1 1 9 2 10
1 2 10 1 9
0 5 13 4 12
0 1 6 1 7
0 6 13 5 13
0 5 15 6 16
0 2 11 3 11
36
0 4 9 5 8
0 1 9 1 10
0 2 10 2 11
1 4 12 5 13
1 5 13 4 12
1 3 11 4 12
37
1 1 10 2 11
1 2 11 1 10
0 4 12 4 11
0 1 7 1 8
0 6 16 6 17
0 5 13 4 12
0 3 11 2 10
0 5 8 4 9
0 1 10 1 11
0 2 11 2 12
38
1 4 11 4 12
1 4 12 4 11
1 2 10 1 11
1 1 11 2 10
1 2 12 1 11
0 1 8 2 8
0 4 11 3 12
0 6 17 5 17
0 4 12 4 11
0 2 10 3 11
39
0 4 9 4 10
0 1 11 2 11
0 2 12 1 13
1 3 12 4 11
1 3 11 4 10
40
1 4 10 3 11
1 2 11 3 11
0 3 12 4 12
0 2 8 2 9
0 5 17 4 16
0 3 11 2 12
0 4 10 4 9
0 2 11 1 12
0 1 13 2 13
41
1 2 12 1 12
1 2 13 1 12
0 2 9 2 10
0 4 12 3 12
0 4 16 4 15
0 2 12 3 11
42
0 4 9 4 10
0 2 13 2 14
1 2 10 3 11
1 3 12 3 11
1 3 11 4 10
43
1 4 10 3 11
0 2 10 2 11
0 3 12 2 13
0 4 15 5 15
0 3 11 2 10
0 4 10 5 10
0 2 14 2 15
44
1 2 11 2 10
1 2 10 2 11
0 2 11 2 12
0 2 13 3 13
0 5 15 5 14
0 2 10 3 11
45
0 5 10 5 11
0 2 15 2 14
1 2 12 3 11
1 3 13 2 14
1 3 11 2 12
46
1 2 14 3 13
0 2 12 2 13
0 3 13 3 12
0 5 14 4 14
0 3 11 2 12
0 5 11 4 12
0 2 14 3 13
47
1 2 13 3 13
1 3 12 3 13
1 2 12 3 12
1 4 12 3 13
0 2 13 2 14
0 3 12 3 11
0 4 14 5 14
0 2 12 1 13
48
0 4 12 5 11
1 2 14 1 13
1 1 13 2 14
49
0 3 11 2 12
0 2 14 2 13
0 5 14 5 13
0 1 13 1 14
0 5 11 4 12
50
1 2 13 1 14
1 5 13 4 12
1 4 12 5 13
0 2 13 1 13
0 2 12 3 12
0 5 13 5 14
51
0 4 12 5 13
1 5 14 5 13
52
1 5 13 5 14
0 3 12 3 11
0 1 13 2 14
0 5 14 6 14
0 5 13 4 12
53
0 3 11 3 12
0 2 14 2 13
0 6 14 5 14
54
0 4 12 5 13
1 5 14 5 13
55
0 2 13 2 14
0 3 12 4 12
0 5 14 6 14
56
0 2 14 3 15
0 4 12 3 12
0 6 14 5 14
57
58
0 3 12 4 12
0 3 15 4 15
0 5 14 5 15
59
1 4 15 5 15
1 5 15 4 15
0 4 15 5 16
0 4 12 3 12
0 5 15 6 16
60
1 5 16 6 16
1 6 16 5 16
61
0 3 12 4 12
0 6 16 7 17
62
0 4 12 3 11
0 7 17 8 17
63
64
0 3 11 2 11
0 8 17 8 18
65
0 2 11 2 12
0 8 18 8 17
66
67
0 2 12 3 12
0 8 17 7 16
68
0 3 12 4 12
0 7 16 8 16
69
70
0 4 12 3 11
0 8 16 8 15
71
0 3 11 3 12
0 8 15 7 15
72
73
0 3 12 4 12
0 7 15 7 14
74
0 4 12 3 11
0 7 14 6 13
75
76
0 3 11 2 10
0 6 13 6 12
77
0 2 10 2 11
0 6 12 6 11
78
79
0 2 11 1 11
0 6 11 5 10
80
0 1 11 0 12
0 5 10 4 10
81
82
0 0 12 0 13
0 4 10 3 11
83
0 0 13 1 13
0 3 11 4 10
84
85
0 1 13 2 13
0 4 10 3 11
86
0 2 13 2 12
0 3 11 2 11
87
1 2 12 2 11
1 2 11 2 12
88
0 2 12 1 11
0 2 11 1 10
89
1 1 11 1 10
1 1 10 1 11
0 1 10 0 10
monster win