-1 -1 -1 -1 -1 -1 -1 -1 -1 -1 -1 -1 -1 -1 -1 -1 -1 -1 -1 -1 
-1 -1 -1 -1 -1 0 -1 -1 -1 -1 -1 -1 -1 -1 -1 -1 -1 -1 -1 -1 
-1 -1 -1 -1 -1 1 -1 -1 -1 -1 -1 -1 -1 -1 -1 -1 -1 -1 -1 -1 
-1 -1 -1 -1 -1 2 -1 -1 -1 -1 -1 -1 -1 -1 -1 -1 -1 -1 -1 -1 
-1 -1 -1 -1 -1 3 -1 -1 -1 -1 9 -1 -1 -1 -1 -1 -1 16 -1 -1 
7 -1 -1 -1 -1 4 -1 -1 -1 -1 -1 10 -1 -1 -1 -1 15 -1 -1 8 
-1 -1 -1 -1 -1 5 -1 -1 -1 -1 -1 -1 11 -1 -1 14 -1 -1 -1 -1 
-1 -1 -1 -1 -1 6 -1 -1 -1 -1 -1 -1 -1 12 13 -1 -1 -1 -1 -1 
-1 -1 -1 -1 -1 -1 -1 -1 -1 -1 -1 -1 -1 -1 -1 -1 -1 -1 -1 -1 
-1 -1 -1 -1 -1 -1 -1 -1 -1 -1 -1 -1 -1 -1 -1 -1 -1 -1 -1 -1 
0
0 1 5 0 5
0 4 17 5 17
0 7 14 6 14
0 5 16 5 15
0 6 15 6 16
0 3 5 4 6
0 4 5 4 4
0 5 5 6 6
0 7 5 7 6
0 5 0 5 1
0 5 11 6 11
0 4 10 5 9
0 6 5 5 6
0 5 19 5 18
0 7 13 7 14
0 6 12 7 13
0 2 5 3 6
1
2
0 4 6 4 7
0 5 17 5 16
0 0 5 1 6
0 6 14 6 13
0 6 16 6 15
0 5 15 4 14
0 4 4 4 5
0 6 6 5 7
0 7 13 7 12
0 6 11 7 11
0 5 9 4 9
0 7 6 7 7
0 5 1 5 0
0 5 18 5 19
0 7 14 6 14
0 5 6 6 7
0 3 6 4 6
3
0 1 6 0 6
0 5 7 6 8
0 6 13 5 12
0 6 15 5 14
0 4 14 5 13
0 5 16 4 16
0 4 7 4 8
0 4 5 5 6
0 6 7 5 7
4
0 4 9 5 8
0 7 11 8 11
0 7 12 6 11
0 5 0 6 0
0 7 7 8 7
0 5 19 4 18
0 6 14 6 13
0 4 6 3 6
1 6 8 5 8
1 4 8 5 8
1 5 7 5 8
5
1 5 8 6 8
0 0 6 0 7
0 5 12 4 12
0 8 7 7 7
0 6 0 7 0
0 4 18 5 17
0 6 13 6 12
0 5 8 4 7
0 5 7 5 8
0 4 16 5 15
0 5 13 4 13
0 5 14 5 13
0 3 6 4 6
0 4 8 4 9
0 6 8 6 9
0 5 6 5 7
0 8 11 7 10
0 6 11 7 12
6
1 4 7 5 7
1 5 8 4 7
1 4 6 4 7
1 6 9 7 10
1 5 7 4 7
1 7 10 6 9
7
0 7 12 7 13
0 4 7 4 8
0 4 13 4 14
0 5 15 5 14
0 5 13 4 13
0 5 8 6 7
0 4 6 5 6
0 4 9 3 8
0 6 9 6 10
0 7 10 8 10
0 5 7 6 6
0 0 7 1 7
0 7 7 7 8
0 4 12 3 13
0 6 12 5 11
0 5 17 6 16
0 7 0 6 0
8
1 4 8 3 8
1 5 11 6 10
1 6 10 5 11
1 3 8 4 8
0 7 13 8 13
0 6 16 6 15
0 4 8 4 7
0 8 10 8 11
0 5 11 4 12
0 6 0 5 1
0 3 13 3 12
0 1 7 2 7
0 6 6 5 7
0 5 6 6 5
0 6 10 5 11
0 6 7 6 8
0 3 8 3 9
0 4 14 3 15
0 5 14 6 13
0 4 13 4 14
0 7 8 8 8
9
1 4 7 5 7
1 5 7 4 7
1 4 12 5 11
1 5 11 4 12
10
0 8 13 8 12
0 4 7 4 8
0 6 15 7 15
0 8 11 8 10
0 5 7 4 7
0 3 12 2 12
0 4 12 4 11
0 5 1 4 2
0 2 7 2 8
0 6 5 6 4
0 5 11 4 12
0 3 15 4 15
0 4 14 4 13
0 6 8 7 7
0 6 13 5 13
0 3 9 2 9
0 8 8 7 8
11
1 4 8 4 7
1 4 13 4 12
1 5 13 4 12
1 4 12 5 13
1 4 11 4 12
1 4 7 4 8
0 8 12 8 11
0 7 8 7 9
0 4 8 5 8
0 7 7 6 8
0 4 15 4 14
0 4 13 3 14
0 6 4 6 5
0 5 13 5 12
0 2 9 3 10
0 4 2 3 1
0 4 12 5 11
0 2 8 3 8
0 8 10 9 10
0 4 11 3 11
0 2 12 3 12
0 4 7 4 8
0 7 15 6 15
12
1 5 8 6 8
1 3 11 3 10
1 5 11 5 12
1 3 10 3 11
1 5 12 5 11
1 6 8 5 8
13
1 4 8 5 8
0 8 11 9 11
0 7 9 6 10
0 9 10 8 10
0 3 1 3 2
0 3 12 2 13
0 3 11 4 10
0 5 11 4 12
0 3 8 3 9
0 5 8 5 9
0 3 10 3 11
0 4 14 4 15
0 3 14 4 13
0 6 5 7 4
0 5 12 6 13
0 6 8 7 7
0 6 15 6 14
0 4 8 4 9
14
1 6 10 5 9
1 4 10 4 9
1 5 9 6 10
1 3 9 4 10
1 4 12 4 13
1 4 9 5 9
1 4 13 4 12
1 3 11 4 10
0 9 11 9 10
0 6 10 5 10
0 8 10 9 11
0 3 2 4 3
0 2 13 3 12
0 4 10 5 11
0 5 9 5 8
0 3 9 3 10
15
0 4 12 5 12
0 4 15 4 14
0 6 13 5 13
0 4 9 4 8
0 7 7 7 8
0 6 14 6 15
0 7 4 6 5
0 3 11 4 12
0 4 13 3 14
1 5 10 5 11
1 3 12 4 12
1 5 8 4 8
1 5 11 5 10
16
1 5 12 5 11
1 4 8 5 8
1 4 12 5 11
1 5 13 5 12
0 9 10 8 9
0 5 10 4 11
0 9 11 9 12
0 4 3 5 4
0 3 10 4 10
0 3 12 2 13
0 5 8 6 7
0 5 11 6 12
0 5 12 5 11
0 3 14 3 15
0 4 8 5 8
0 4 14 3 14
0 4 12 4 13
0 6 5 5 6
0 6 15 6 14
0 7 8 7 9
0 5 13 5 12
17
1 8 9 7 9
1 4 11 5 12
1 6 7 5 6
1 6 12 5 11
1 5 11 6 12
1 5 8 6 7
1 5 12 5 11
0 8 9 9 8
1 4 13 5 12
1 5 6 6 7
1 3 14 4 13
0 9 12 9 13
0 4 11 4 12
0 5 4 4 3
0 2 13 2 12
0 4 10 5 10
0 6 7 7 6
18
0 6 12 7 12
0 5 11 6 11
0 5 12 5 11
0 5 8 5 9
0 4 13 3 13
0 7 9 6 10
0 5 6 6 7
0 6 14 6 13
0 3 14 4 14
0 3 15 3 14
1 4 12 5 11
1 2 12 3 13
1 5 10 5 11
1 7 6 6 7
1 7 12 6 11
19
1 6 11 7 12
1 5 11 6 10
1 6 7 7 6
1 6 10 5 11
0 9 8 8 9
1 3 13 4 14
1 3 14 3 13
1 4 14 3 13
0 4 12 4 11
0 9 13 8 13
0 4 3 4 4
0 2 12 3 11
0 5 10 4 10
0 7 6 8 6
0 6 11 6 12
0 5 9 6 9
0 5 11 5 12
0 6 7 7 6
0 6 13 6 14
0 6 10 5 11
0 3 13 4 12
0 3 14 3 13
0 4 14 4 13
20
1 4 11 5 12
1 3 11 4 10
1 4 10 3 11
1 8 6 7 6
1 6 12 5 12
1 7 6 8 6
1 5 12 6 12
1 5 11 5 12
0 8 9 7 10
1 4 12 4 13
1 4 13 4 12
0 8 13 8 12
0 4 4 5 4
0 4 11 3 10
1 3 13 4 12
0 3 11 3 12
0 4 10 5 10
21
0 8 6 7 7
0 6 12 7 13
0 6 9 7 8
0 7 6 6 6
0 6 14 6 15
0 5 11 6 11
0 4 12 4 11
0 4 13 4 12
0 3 13 2 13
1 7 10 6 11
1 8 12 7 13
1 3 12 4 11
1 7 7 7 8
22
1 7 13 8 12
1 6 6 7 7
1 6 11 7 10
0 7 10 6 10
1 4 11 4 12
1 4 12 4 11
0 5 4 6 4
0 8 12 7 11
0 3 10 2 9
0 3 12 3 11
0 7 7 7 6
0 5 10 4 10
0 7 13 6 12
0 6 6 6 7
0 6 15 5 14
0 6 11 5 11
0 4 11 3 12
0 4 12 4 11
0 2 13 2 14
23
1 6 10 5 11
1 7 11 6 12
1 3 11 4 10
1 7 6 6 7
1 6 12 7 11
1 4 10 4 11
1 6 7 7 6
1 5 11 6 10
0 6 10 5 10
1 3 12 4 11
1 4 11 5 11
0 7 11 8 11
0 6 4 5 4
0 2 9 3 10
0 3 11 2 11
24
0 6 12 6 11
0 4 10 4 9
0 6 7 5 7
0 5 14 5 13
0 5 11 4 12
0 3 12 3 11
0 4 11 4 10
0 2 14 3 13
1 5 10 6 11
1 3 10 4 10
1 2 11 3 10
25
1 4 9 5 10
1 5 13 4 12
0 5 10 5 11
1 4 12 5 11
1 3 11 4 10
1 3 13 4 12
1 4 10 4 9
0 8 11 8 10
0 5 4 5 5
0 3 10 3 9
0 2 11 2 10
0 4 9 5 9
0 5 7 4 7
0 5 13 4 13
0 4 12 3 12
0 3 11 4 11
0 3 13 4 12
0 4 10 4 9
26
1 5 11 4 11
1 3 9 4 9
1 2 10 3 9
1 5 9 4 9
1 4 13 3 12
1 4 11 5 11
0 5 11 5 10
1 4 12 4 11
1 4 9 5 9
0 5 5 4 5
0 8 10 7 10
0 3 9 4 10
0 2 10 3 10
27
0 5 9 5 8
0 4 7 3 6
0 4 13 5 13
0 4 11 5 11
0 4 12 3 13
0 4 9 4 8
1 5 10 5 11
1 4 10 5 10
1 3 10 4 10
28
1 5 8 4 8
1 5 11 5 10
0 5 10 6 10
0 4 5 5 5
0 7 10 7 9
0 4 10 5 10
0 3 10 3 11
0 5 8 6 8
0 3 6 4 6
0 5 13 6 14
0 5 11 4 11
0 3 13 4 13
29
1 6 10 5 10
1 7 9 6 8
1 5 10 6 10
1 3 11 4 11
1 6 8 7 9
1 4 11 3 11
0 6 10 6 9
0 7 9 7 10
0 5 5 6 5
0 5 10 5 11
0 3 11 3 10
30
0 6 8 6 7
0 4 6 3 6
0 6 14 5 13
0 4 11 4 10
0 4 13 4 12
1 5 11 4 12
1 3 10 4 10
31
1 4 10 3 10
0 6 9 5 9
1 4 12 5 11
0 6 5 6 6
0 7 10 7 9
0 5 11 5 10
0 3 10 3 9
0 6 7 6 8
0 3 6 4 7
0 5 13 4 13
0 4 10 4 9
0 4 12 3 13
32
1 5 9 6 8
1 7 9 6 8
1 3 9 4 9
1 5 10 5 9
1 6 8 7 9
0 5 9 6 9
0 6 6 5 6
0 7 9 8 10
0 3 9 2 9
0 5 10 5 9
33
0 4 7 3 8
0 6 8 6 7
0 4 13 5 13
0 3 13 2 13
1 6 9 5 9
1 2 9 3 8
1 5 9 6 9
34
1 3 8 2 9
0 5 6 4 7
0 8 10 9 11
0 2 9 3 9
0 5 9 4 10
0 6 7 5 8
0 3 8 2 7
0 5 13 4 13
0 2 13 3 13
35
1 3 9 4 10
1 4 10 3 9
0 4 7 4 6
0 9 11 9 10
0 3 9 2 9
0 4 10 5 11
36
0 2 7 1 7
0 5 8 6 8
0 4 13 4 12
0 3 13 4 13
1 5 11 4 12
37
1 4 12 5 11
0 4 6 4 7
0 9 10 8 9
0 2 9 1 10
0 5 11 4 11
0 1 7 1 8
0 6 8 6 7
0 4 12 3 11
0 4 13 4 12
38
1 4 11 4 12
1 3 11 4 11
0 4 7 5 7
0 8 9 8 8
0 1 10 0 10
39
0 6 7 6 8
0 1 8 1 7
0 3 11 3 10
0 4 12 5 11
40
0 5 7 4 7
0 8 8 8 7
0 0 10 0 9
0 1 7 2 7
0 6 8 5 8
0 3 10 4 10
0 5 11 5 10
41
0 4 7 3 7
0 8 7 8 8
0 0 9 0 8
42
0 2 7 2 8
0 5 8 5 9
0 4 10 5 11
0 5 10 6 10
43
1 5 9 6 10
1 6 10 5 9
0 3 7 4 7
0 8 8 7 7
0 0 8 1 7
0 5 9 5 8
0 2 8 3 8
0 5 11 5 10
0 6 10 7 11
44
0 4 7 5 7
0 7 7 6 7
0 1 7 1 8
45
0 5 8 6 8
0 3 8 3 9
0 5 10 4 10
0 7 11 7 10
1 5 7 6 7
1 6 7 6 8
46
1 3 9 4 10
1 6 8 6 7
1 4 10 3 9
0 5 7 4 7
0 6 7 7 7
0 1 8 0 9
0 6 8 5 8
0 4 10 5 10
0 7 10 8 10
47
0 4 7 5 7
0 7 7 6 8
0 0 9 1 9
48
0 5 8 5 9
0 5 10 4 10
0 8 10 7 9
1 5 7 6 8
1 6 8 5 7
49
1 5 9 6 8
1 4 10 5 9
0 5 7 5 8
0 1 9 1 8
0 5 9 6 10
0 4 10 5 10
0 7 9 8 9
50
1 6 10 5 10
1 5 10 6 10
0 5 8 5 7
0 1 8 2 7
51
0 6 10 7 10
0 5 10 4 10
0 8 9 7 9
52
1 7 10 7 9
1 7 9 7 10
0 5 7 5 8
0 2 7 2 8
0 4 10 5 9
0 7 9 8 9
53
1 5 8 5 9
1 5 9 5 8
0 5 8 4 7
0 2 8 2 7
54
0 5 9 5 8
0 8 9 9 9
1 4 7 5 8
55
1 5 8 4 7
0 4 7 5 7
0 2 7 1 7
0 5 8 4 7
0 9 9 8 9
56
1 5 7 4 7
0 5 7 5 8
0 1 7 0 6
57
0 8 9 9 9
58
0 5 8 5 7
0 0 6 1 7
0 9 9 8 8
59
0 5 7 6 7
0 1 7 1 6
60
0 8 8 8 7
61
0 6 7 6 6
0 1 6 0 6
0 8 7 8 6
62
0 6 6 5 5
0 0 6 1 5
63
0 8 6 7 5
64
0 5 5 6 6
0 1 5 2 6
0 7 5 6 5
65
1 6 6 6 5
1 6 5 6 6
0 6 6 5 6
0 2 6 2 5
66
0 6 5 6 6
1 5 6 6 6
67
1 6 6 5 6
0 2 5 3 5
0 6 6 7 7
monster win